2026149150 1702247536 416569358
1701798124 875863088 283903191
4063252939 1683589413 18658123
3356033649 595896148 7346630
1335228099 2585783629 62193392
2537326742 2766720775 117696298
229675839 2982385208 35341780
2735250450 86353870 111979203
1461856743 642976733 131238213
3045992699 1159766279 201290966
731984354 397096119 63406721
3363380279 3994841151 232428641
3846842813 3635945469 205565478
149524933 3053740954 23094746
1990135184 3017726988 36013966
3627123568 460502840 135393308
2442718508 2709874611 56846164
4052408291 1672744765 10844648
4081911062 2647977021 57463721
1985701315 2705440742 4433869
1593094956 3841510947 108703168
4139374783 1361057245 90255266
2847229653 198333073 198763046
88714127 1451312511 32454860
265017619 2118816894 466966735
172619679 774214946 57056160
2499564672 2929579580 24449682
795391075 3096108445 336808580
2524014354 3981528763 13312388
2655023040 1483767371 80227410
3595808920 3950214115 31314648
86353870 4227269792 2360257
3247283665 1563994781 108749984
121168987 2954029262 28355946
1132199655 3432917025 203028444
1416694236 2884417073 45162507
3802250831 831271106 44591982
1397421491 3076835700 19272745
3762516876 603242778 39733955