1030392082 1321188955 165336990
0 44804161 150706826
1568567634 1516401258 330930043
2865769925 4113445018 181522278
1195729072 195510987 44463126
2000741875 3723797683 97726768
3123087526 3637587950 86209733
438054653 1116646106 202854548
1550843096 888600245 16036237
250959147 239974113 187095506
1566879333 1319500654 1688301
3209297259 3343689313 188836349
3398133608 2601040211 257482320
1497005983 1847331301 53837113
4193409024 2004480239 101558272
1899497677 1514730521 1670737
4135626915 3532525662 57782109
1240192198 904636482 212009624
1452201822 0 44804161
178911402 427069619 72047745
2360827259 3821524451 282320546
793597174 651805337 236794908
150706826 1486525945 28204576
3655615928 2134367609 466672602
4126026894 4103844997 9600021
2126797741 2858522531 234029518
640909201 499117364 152687973
4122288530 2000741875 3738364
3047292203 3590307771 47280179
3094572382 3315174169 28515144
2098468643 2106038511 28329098
2643147805 3092552049 222622120