1263133301 1101112301 247905608
0 1881569198 406369887
3891730222 4233430396 61536900
2723511851 1349017909 413665324
2115333016 1762683233 118885965
4272202829 4116902795 22764467
1668270240 169908659 417260703
4047030256 3891730222 225172573
1511038909 990025537 111086764
3953267122 4139667262 93763134
2085530943 960223464 29802073
1622125673 2601739738 46144567
2234218981 2647884305 489292870
481920846 0 169908659
406369887 587169362 75550959
651829505 2287939085 313800653
965630158 662720321 297503143
