2682018628 3211857150 7482265
2267967594 974505223 103462688
3164705039 622508404 112412801
807519675 3897720931 7401318
1258610757 1950164875 153606404
688770014 2493658816 117081461
585035426 1429176965 103734588
1412217161 3054430041 157427109
2620753111 1936669611 13495264
2371430282 3479240080 119868447
2689500893 1809328956 2558000
2491298729 2103771279 129454382
2634248375 132197744 47770253
0 3599108527 17467705
1715711200 510341852 112166552
324602271 2233225661 260433155
3277117840 4013788866 6258575
1569644270 3252822610 21284275
17467705 1625497048 183831908
805851475 1532911553 1668200
4192930018 4158778858 102037278
1880394968 3616576232 267437436
814920993 2610740277 443689764
4153948228 4125255449 33523409
2959571844 3274106885 205133195
3571697512 194189667 100397262
3804292518 294586929 215754923
3283376415 1077967911 288321097
2250849334 1608378788 17118260
201299613 1541225531 67153257
2147832404 1534579753 6645778
2154478182 3219339415 33483195
2705766156 734921205 239584018
2945350174 179967997 14221670
1590928545 1811886956 124782655
268452870 3905122249 56149401
3672094774 0 132197744
2692058893 3884013668 13707263
2187961377 1366289008 62887957
4125255449 4266274517 28692779
4187471637 4260816136 5458381
1827877752 3961271650 52517216
