3045192883 3405560724 233949223
2014949572 1677426106 1239699
4293597773 2746321393 1369523
3495751006 3639509947 92916249
4009877494 2908092253 257514030
661965443 153544727 24099928
553752491 24333950 108212952
0 585895182 65036937
1029728406 732437088 122957582
3335349669 2747690916 160401337
1516105110 1678665805 50370082
1287786410 564845618 21049564
1766185151 1350812289 80953114
1847138265 954947145 167811307
2517751097 4153636435 141330861
1406248256 1779785802 109856854
477432380 177644655 76320111
2912031646 3216191924 133161237
86034762 2124004905 98754160
357903034 1231282943 119529346
794589862 1431765403 127455713
1684680182 650932119 81504969
1188233935 855394670 99552475
2659081958 3170612752 19372923
65036937 132546902 20997825
3279142106 3349353161 56207563
922045575 481034939 83810679
184788922 0 24333950
1005856254 1889642656 23872152
1152685988 2088456958 35547947
1308835974 1729035887 50749915
686065371 1122758452 108524491
2016189271 1960177175 128279783
3588667255 3732426196 421210239
209122872 253964766 148780162
2144469054 402744928 78290011
1566475192 1559221116 118204990
4267391524 3189985675 26206249
1359585889 1913514808 46662367
2683461350 2517751097 228570296
2678454881 3165606283 5006469